compound: 0.7178, neg: 0.016, neu: 0.932, pos: 0.052, 
compound: 0.9698, neg: 0.02, neu: 0.875, pos: 0.105, 
compound: 0.9705, neg: 0.02, neu: 0.857, pos: 0.123, 
compound: 0.9753, neg: 0.028, neu: 0.806, pos: 0.166, 
compound: 0.3612, neg: 0.028, neu: 0.92, pos: 0.052, 
compound: 0.9985, neg: 0.022, neu: 0.632, pos: 0.346, 
compound: 0.9958, neg: 0.041, neu: 0.754, pos: 0.205, 
compound: 0.9966, neg: 0.03, neu: 0.762, pos: 0.208, 
compound: 0.9676, neg: 0.085, neu: 0.779, pos: 0.136, 
compound: 0.4744, neg: 0.099, neu: 0.777, pos: 0.124, 
compound: 0.9109, neg: 0.0, neu: 0.944, pos: 0.056, 
compound: 0.9898, neg: 0.028, neu: 0.846, pos: 0.126, 
compound: 0.9987, neg: 0.054, neu: 0.708, pos: 0.239, 
compound: 0.9974, neg: 0.03, neu: 0.67, pos: 0.3, 
compound: 0.9947, neg: 0.022, neu: 0.78, pos: 0.198, 
compound: -0.5093, neg: 0.09, neu: 0.82, pos: 0.09, 
compound: 0.9927, neg: 0.018, neu: 0.801, pos: 0.181, 
compound: -0.2732, neg: 0.061, neu: 0.879, pos: 0.06, 
compound: 0.5106, neg: 0.035, neu: 0.904, pos: 0.062, 
compound: 0.9723, neg: 0.046, neu: 0.845, pos: 0.109, 
compound: 0.9853, neg: 0.05, neu: 0.836, pos: 0.114, 
compound: 0.995, neg: 0.033, neu: 0.846, pos: 0.121, 
compound: 0.802, neg: 0.056, neu: 0.871, pos: 0.073, 
compound: 0.998, neg: 0.098, neu: 0.622, pos: 0.28, 
compound: 0.7589, neg: 0.023, neu: 0.919, pos: 0.058, 
compound: 0.9951, neg: 0.007, neu: 0.836, pos: 0.157, 
compound: 0.948, neg: 0.037, neu: 0.873, pos: 0.09, 
compound: 0.7845, neg: 0.037, neu: 0.884, pos: 0.079, 
compound: -0.9776, neg: 0.126, neu: 0.82, pos: 0.053, 
compound: 0.9988, neg: 0.048, neu: 0.573, pos: 0.379, 
compound: -0.7659, neg: 0.08, neu: 0.861, pos: 0.059, 
compound: 0.9729, neg: 0.082, neu: 0.791, pos: 0.127, 
compound: 0.9826, neg: 0.063, neu: 0.796, pos: 0.141, 
compound: 0.9975, neg: 0.039, neu: 0.721, pos: 0.24, 
compound: 0.9789, neg: 0.005, neu: 0.898, pos: 0.097, 
compound: 0.9837, neg: 0.0, neu: 0.859, pos: 0.141, 
compound: -0.9339, neg: 0.086, neu: 0.878, pos: 0.036, 
compound: 0.9977, neg: 0.0, neu: 0.79, pos: 0.21, 
compound: 0.9966, neg: 0.025, neu: 0.801, pos: 0.174, 
compound: 0.9936, neg: 0.026, neu: 0.77, pos: 0.204, 
compound: 0.9612, neg: 0.049, neu: 0.816, pos: 0.135, 
compound: 0.9953, neg: 0.008, neu: 0.721, pos: 0.271, 
compound: 0.9572, neg: 0.081, neu: 0.796, pos: 0.123, 
compound: -0.765, neg: 0.092, neu: 0.829, pos: 0.078, 
compound: 0.9711, neg: 0.04, neu: 0.834, pos: 0.126, 
compound: 0.9451, neg: 0.028, neu: 0.862, pos: 0.11, 
compound: 0.9886, neg: 0.024, neu: 0.798, pos: 0.178, 
compound: 0.8439, neg: 0.071, neu: 0.823, pos: 0.106, 
compound: 0.9578, neg: 0.032, neu: 0.836, pos: 0.132, 
compound: -0.9579, neg: 0.151, neu: 0.774, pos: 0.075, 
compound: 0.9988, neg: 0.007, neu: 0.696, pos: 0.298, 
compound: 0.8876, neg: 0.045, neu: 0.853, pos: 0.102, 
compound: -0.2998, neg: 0.103, neu: 0.781, pos: 0.116, 
compound: -0.7902, neg: 0.084, neu: 0.857, pos: 0.059, 
compound: 0.9953, neg: 0.024, neu: 0.791, pos: 0.184, 
compound: 0.6251, neg: 0.077, neu: 0.832, pos: 0.091, 
compound: -0.9947, neg: 0.225, neu: 0.73, pos: 0.045, 
compound: 0.9711, neg: 0.06, neu: 0.792, pos: 0.148, 
compound: 0.9362, neg: 0.06, neu: 0.823, pos: 0.117, 
compound: -0.4019, neg: 0.082, neu: 0.824, pos: 0.094, 
compound: 0.9972, neg: 0.028, neu: 0.851, pos: 0.121, 
compound: 0.9989, neg: 0.016, neu: 0.62, pos: 0.364, 
compound: 0.9941, neg: 0.021, neu: 0.808, pos: 0.17, 
compound: 0.9977, neg: 0.073, neu: 0.743, pos: 0.184, 
compound: 0.959, neg: 0.034, neu: 0.826, pos: 0.14, 
compound: 0.5927, neg: 0.049, neu: 0.863, pos: 0.088, 
compound: 0.998, neg: 0.02, neu: 0.668, pos: 0.312, 
compound: 0.835, neg: 0.045, neu: 0.856, pos: 0.098, 
compound: 0.9987, neg: 0.007, neu: 0.703, pos: 0.29, 
compound: 0.9974, neg: 0.037, neu: 0.666, pos: 0.297, 
compound: 0.9286, neg: 0.087, neu: 0.78, pos: 0.134, 
compound: 0.7198, neg: 0.053, neu: 0.862, pos: 0.085, 
compound: 0.9801, neg: 0.047, neu: 0.782, pos: 0.17, 
compound: 0.9233, neg: 0.042, neu: 0.852, pos: 0.106, 
compound: 0.9979, neg: 0.049, neu: 0.699, pos: 0.252, 
compound: -0.0253, neg: 0.069, neu: 0.858, pos: 0.073, 
compound: -0.8032, neg: 0.087, neu: 0.838, pos: 0.075, 
compound: 0.9948, neg: 0.027, neu: 0.8, pos: 0.173, 
compound: 0.9882, neg: 0.061, neu: 0.744, pos: 0.195, 
compound: -0.9931, neg: 0.201, neu: 0.77, pos: 0.03, 
compound: 0.9531, neg: 0.008, neu: 0.91, pos: 0.082, 
compound: 0.9966, neg: 0.025, neu: 0.801, pos: 0.174, 
compound: 0.2023, neg: 0.051, neu: 0.875, pos: 0.074, 
compound: 0.9887, neg: 0.0, neu: 0.85, pos: 0.15, 
compound: -0.9602, neg: 0.125, neu: 0.813, pos: 0.063, 
compound: 0.9982, neg: 0.006, neu: 0.755, pos: 0.239, 
compound: 0.9712, neg: 0.009, neu: 0.852, pos: 0.139, 
compound: 0.9233, neg: 0.042, neu: 0.852, pos: 0.106, 
compound: 0.9136, neg: 0.042, neu: 0.838, pos: 0.121, 
compound: 0.9501, neg: 0.067, neu: 0.81, pos: 0.123, 
compound: 0.9968, neg: 0.027, neu: 0.679, pos: 0.294, 
compound: 0.99, neg: 0.013, neu: 0.745, pos: 0.242, 
compound: -0.25, neg: 0.083, neu: 0.835, pos: 0.083, 
compound: 0.6894, neg: 0.075, neu: 0.833, pos: 0.092, 
compound: 0.9997, neg: 0.05, neu: 0.604, pos: 0.345, 
compound: 0.9507, neg: 0.043, neu: 0.847, pos: 0.11, 
compound: 0.9974, neg: 0.042, neu: 0.705, pos: 0.253, 
compound: 0.4588, neg: 0.039, neu: 0.899, pos: 0.063, 
compound: 0.9929, neg: 0.066, neu: 0.702, pos: 0.232, 
compound: 0.7351, neg: 0.045, neu: 0.887, pos: 0.068, 
compound: 0.9631, neg: 0.073, neu: 0.797, pos: 0.13, 
compound: 0.9959, neg: 0.0, neu: 0.753, pos: 0.247, 
compound: 0.9803, neg: 0.019, neu: 0.885, pos: 0.095, 
compound: 0.9118, neg: 0.069, neu: 0.792, pos: 0.139, 
compound: 0.9769, neg: 0.014, neu: 0.873, pos: 0.113, 
compound: 0.8908, neg: 0.092, neu: 0.774, pos: 0.134, 
compound: 0.1027, neg: 0.022, neu: 0.953, pos: 0.025, 
compound: -0.8482, neg: 0.1, neu: 0.821, pos: 0.079, 
compound: 0.9741, neg: 0.038, neu: 0.811, pos: 0.151, 
compound: -0.9953, neg: 0.209, neu: 0.777, pos: 0.013, 
compound: 0.9628, neg: 0.017, neu: 0.876, pos: 0.106, 
compound: 0.8016, neg: 0.035, neu: 0.857, pos: 0.108, 
compound: -0.8889, neg: 0.116, neu: 0.827, pos: 0.057, 
compound: -0.9598, neg: 0.1, neu: 0.878, pos: 0.022, 
compound: -0.8024, neg: 0.097, neu: 0.823, pos: 0.08, 
compound: 0.93, neg: 0.007, neu: 0.926, pos: 0.067, 
compound: 0.4351, neg: 0.032, neu: 0.92, pos: 0.048, 
compound: -0.4215, neg: 0.11, neu: 0.793, pos: 0.097, 
compound: 0.7158, neg: 0.091, neu: 0.811, pos: 0.099, 
compound: 0.992, neg: 0.047, neu: 0.841, pos: 0.112, 
compound: 0.9931, neg: 0.005, neu: 0.837, pos: 0.158, 
compound: 0.9913, neg: 0.086, neu: 0.779, pos: 0.135, 
compound: -0.7184, neg: 0.062, neu: 0.897, pos: 0.041, 
compound: -0.872, neg: 0.073, neu: 0.881, pos: 0.045, 
compound: 0.9895, neg: 0.014, neu: 0.808, pos: 0.178, 
compound: 0.9231, neg: 0.0, neu: 0.885, pos: 0.115, 
compound: 0.9803, neg: 0.019, neu: 0.885, pos: 0.095, 
compound: 0.989, neg: 0.009, neu: 0.802, pos: 0.189, 
compound: 0.9886, neg: 0.03, neu: 0.765, pos: 0.205, 
compound: 0.9247, neg: 0.088, neu: 0.783, pos: 0.128, 
compound: 0.9994, neg: 0.048, neu: 0.79, pos: 0.162, 
compound: 0.994, neg: 0.025, neu: 0.837, pos: 0.139, 
compound: 0.9894, neg: 0.039, neu: 0.835, pos: 0.126, 
compound: 0.989, neg: 0.019, neu: 0.808, pos: 0.173, 
compound: -0.7909, neg: 0.129, neu: 0.775, pos: 0.096, 
compound: 0.9655, neg: 0.018, neu: 0.856, pos: 0.126, 
compound: -0.1198, neg: 0.039, neu: 0.931, pos: 0.031, 
compound: 0.9812, neg: 0.028, neu: 0.863, pos: 0.109, 
compound: 0.9861, neg: 0.015, neu: 0.81, pos: 0.175, 
compound: 0.2605, neg: 0.039, neu: 0.927, pos: 0.035, 
compound: -0.9918, neg: 0.11, neu: 0.837, pos: 0.053, 
compound: 0.9963, neg: 0.032, neu: 0.817, pos: 0.152, 
compound: 0.9839, neg: 0.006, neu: 0.904, pos: 0.09, 
compound: 0.2846, neg: 0.055, neu: 0.84, pos: 0.104, 
compound: 0.9894, neg: 0.039, neu: 0.835, pos: 0.126, 
compound: 0.946, neg: 0.029, neu: 0.884, pos: 0.086, 
compound: 0.7962, neg: 0.034, neu: 0.9, pos: 0.066, 
compound: 0.9909, neg: 0.021, neu: 0.847, pos: 0.132, 
compound: -0.9916, neg: 0.186, neu: 0.728, pos: 0.086, 
compound: 0.9919, neg: 0.01, neu: 0.783, pos: 0.208, 
compound: -0.25, neg: 0.035, neu: 0.924, pos: 0.041, 
compound: 0.7893, neg: 0.04, neu: 0.901, pos: 0.06, 
compound: 0.9997, neg: 0.033, neu: 0.67, pos: 0.297, 
compound: -0.9823, neg: 0.156, neu: 0.844, pos: 0.0, 
compound: -0.8886, neg: 0.117, neu: 0.794, pos: 0.089, 
compound: 0.9967, neg: 0.014, neu: 0.751, pos: 0.235, 
compound: 0.9607, neg: 0.014, neu: 0.85, pos: 0.136, 
compound: 0.9812, neg: 0.028, neu: 0.863, pos: 0.109, 
compound: 0.9894, neg: 0.012, neu: 0.865, pos: 0.124, 
compound: 0.9451, neg: 0.021, neu: 0.873, pos: 0.105, 
compound: -0.6152, neg: 0.077, neu: 0.859, pos: 0.064, 
compound: -0.34, neg: 0.045, neu: 0.917, pos: 0.039, 
compound: 0.8442, neg: 0.023, neu: 0.918, pos: 0.059, 
compound: 0.7739, neg: 0.01, neu: 0.942, pos: 0.049, 
compound: 0.4215, neg: 0.042, neu: 0.894, pos: 0.064, 
compound: 0.7549, neg: 0.082, neu: 0.829, pos: 0.089, 
compound: 0.9082, neg: 0.056, neu: 0.851, pos: 0.093, 
compound: -0.4939, neg: 0.092, neu: 0.825, pos: 0.083, 
compound: -0.9957, neg: 0.219, neu: 0.757, pos: 0.025, 
compound: -0.6538, neg: 0.099, neu: 0.82, pos: 0.081, 
compound: 0.9375, neg: 0.051, neu: 0.834, pos: 0.115, 
compound: 0.9682, neg: 0.021, neu: 0.868, pos: 0.11, 
compound: -0.8593, neg: 0.132, neu: 0.779, pos: 0.09, 
compound: 0.9027, neg: 0.048, neu: 0.854, pos: 0.098, 
compound: 0.9493, neg: 0.057, neu: 0.831, pos: 0.112, 
compound: 0.9901, neg: 0.0, neu: 0.847, pos: 0.153, 
compound: 0.6977, neg: 0.038, neu: 0.884, pos: 0.077, 
compound: -0.785, neg: 0.093, neu: 0.85, pos: 0.057, 
compound: 0.9623, neg: 0.022, neu: 0.853, pos: 0.125, 
compound: -0.9675, neg: 0.109, neu: 0.867, pos: 0.024, 
compound: 0.995, neg: 0.031, neu: 0.86, pos: 0.109, 
compound: 0.9739, neg: 0.051, neu: 0.842, pos: 0.108, 
compound: 0.9601, neg: 0.019, neu: 0.896, pos: 0.085, 
compound: 0.9826, neg: 0.008, neu: 0.889, pos: 0.103, 
compound: 0.9908, neg: 0.036, neu: 0.768, pos: 0.196, 
compound: 0.9267, neg: 0.02, neu: 0.886, pos: 0.094, 
compound: 0.9658, neg: 0.087, neu: 0.749, pos: 0.164, 
compound: 0.9612, neg: 0.011, neu: 0.893, pos: 0.095, 
compound: 0.996, neg: 0.013, neu: 0.704, pos: 0.283, 
compound: 0.9874, neg: 0.028, neu: 0.833, pos: 0.139, 
compound: 0.9984, neg: 0.018, neu: 0.772, pos: 0.211, 
compound: -0.3707, neg: 0.072, neu: 0.868, pos: 0.06, 
compound: -0.9102, neg: 0.072, neu: 0.877, pos: 0.051, 
compound: 0.9349, neg: 0.04, neu: 0.863, pos: 0.097, 
compound: -0.9732, neg: 0.18, neu: 0.687, pos: 0.133, 
compound: 0.9986, neg: 0.044, neu: 0.643, pos: 0.313, 
compound: 0.9971, neg: 0.038, neu: 0.797, pos: 0.165, 
compound: -0.09, neg: 0.067, neu: 0.857, pos: 0.076, 
compound: 0.9042, neg: 0.054, neu: 0.841, pos: 0.106, 
compound: 0.3818, neg: 0.013, neu: 0.966, pos: 0.022, 
compound: 0.9994, neg: 0.057, neu: 0.649, pos: 0.293, 
compound: 0.9663, neg: 0.035, neu: 0.872, pos: 0.093, 
compound: 0.7193, neg: 0.092, neu: 0.826, pos: 0.082, 
compound: 0.908, neg: 0.063, neu: 0.834, pos: 0.103, 
compound: 0.8591, neg: 0.088, neu: 0.789, pos: 0.123, 
compound: 0.7829, neg: 0.041, neu: 0.895, pos: 0.064, 
compound: 0.9876, neg: 0.005, neu: 0.874, pos: 0.121, 
compound: 0.9891, neg: 0.02, neu: 0.808, pos: 0.172, 
compound: -0.9201, neg: 0.101, neu: 0.885, pos: 0.014, 
compound: -0.979, neg: 0.127, neu: 0.848, pos: 0.025, 
compound: 0.25, neg: 0.027, neu: 0.934, pos: 0.039, 
compound: 0.9844, neg: 0.013, neu: 0.839, pos: 0.148, 
compound: -0.9841, neg: 0.095, neu: 0.85, pos: 0.055, 
compound: 0.9601, neg: 0.041, neu: 0.868, pos: 0.09, 
compound: 0.9969, neg: 0.093, neu: 0.617, pos: 0.291, 
compound: 0.9623, neg: 0.022, neu: 0.853, pos: 0.125, 
compound: 0.967, neg: 0.06, neu: 0.778, pos: 0.162, 
compound: 0.2823, neg: 0.058, neu: 0.869, pos: 0.073, 
compound: 0.93, neg: 0.066, neu: 0.811, pos: 0.123, 
compound: 0.991, neg: 0.031, neu: 0.8, pos: 0.17, 
compound: 0.1415, neg: 0.058, neu: 0.882, pos: 0.06, 
compound: 0.5267, neg: 0.046, neu: 0.901, pos: 0.053, 
compound: -0.4118, neg: 0.09, neu: 0.823, pos: 0.087, 
compound: 0.9618, neg: 0.0, neu: 0.909, pos: 0.091, 
compound: 0.9118, neg: 0.084, neu: 0.811, pos: 0.105, 
compound: -0.3612, neg: 0.057, neu: 0.889, pos: 0.055, 
compound: 0.9698, neg: 0.0, neu: 0.895, pos: 0.105, 
compound: 0.9688, neg: 0.049, neu: 0.825, pos: 0.126, 
compound: 0.9972, neg: 0.031, neu: 0.805, pos: 0.164, 
compound: -0.9517, neg: 0.109, neu: 0.854, pos: 0.036, 
compound: 0.9816, neg: 0.059, neu: 0.819, pos: 0.122, 
compound: 0.9666, neg: 0.01, neu: 0.871, pos: 0.118, 
compound: 0.9828, neg: 0.0, neu: 0.823, pos: 0.177, 
compound: 0.765, neg: 0.05, neu: 0.843, pos: 0.108, 
compound: 0.9769, neg: 0.014, neu: 0.873, pos: 0.113, 
compound: 0.9924, neg: 0.052, neu: 0.814, pos: 0.134, 
compound: -0.9519, neg: 0.147, neu: 0.791, pos: 0.062, 
compound: 0.9875, neg: 0.033, neu: 0.813, pos: 0.154, 
compound: 0.9797, neg: 0.089, neu: 0.769, pos: 0.143, 
compound: 0.2681, neg: 0.052, neu: 0.876, pos: 0.072, 
compound: 0.9971, neg: 0.009, neu: 0.703, pos: 0.288, 
compound: 0.9657, neg: 0.02, neu: 0.836, pos: 0.143, 
compound: 0.9983, neg: 0.014, neu: 0.645, pos: 0.341, 
compound: 0.9757, neg: 0.096, neu: 0.771, pos: 0.133, 
compound: 0.9949, neg: 0.037, neu: 0.813, pos: 0.15, 
compound: -0.9897, neg: 0.206, neu: 0.767, pos: 0.027, 
compound: -0.9442, neg: 0.117, neu: 0.84, pos: 0.044, 
compound: -0.9948, neg: 0.16, neu: 0.777, pos: 0.063, 
compound: 0.9862, neg: 0.0, neu: 0.779, pos: 0.221, 
compound: -0.34, neg: 0.045, neu: 0.917, pos: 0.039, 
compound: 0.996, neg: 0.051, neu: 0.746, pos: 0.203, 
compound: 0.6705, neg: 0.075, neu: 0.828, pos: 0.097, 
compound: 1.0, neg: 0.075, neu: 0.668, pos: 0.256, 
compound: 0.9834, neg: 0.022, neu: 0.853, pos: 0.125, 
compound: 0.986, neg: 0.048, neu: 0.85, pos: 0.102, 
compound: 0.9997, neg: 0.076, neu: 0.772, pos: 0.152, 
compound: 0.9281, neg: 0.045, neu: 0.86, pos: 0.095, 
compound: -0.9752, neg: 0.195, neu: 0.68, pos: 0.125, 
compound: 0.9892, neg: 0.038, neu: 0.858, pos: 0.104, 
compound: 0.9912, neg: 0.01, neu: 0.778, pos: 0.212, 
compound: 0.9886, neg: 0.03, neu: 0.765, pos: 0.205, 
compound: 0.9945, neg: 0.065, neu: 0.797, pos: 0.138, 
compound: 0.9815, neg: 0.041, neu: 0.872, pos: 0.087, 
compound: 0.999, neg: 0.012, neu: 0.774, pos: 0.215, 
compound: 0.9098, neg: 0.028, neu: 0.904, pos: 0.067, 
compound: 0.9674, neg: 0.018, neu: 0.838, pos: 0.143, 
compound: 0.9954, neg: 0.026, neu: 0.777, pos: 0.196, 
compound: 0.9784, neg: 0.044, neu: 0.832, pos: 0.124, 
compound: 0.4574, neg: 0.033, neu: 0.927, pos: 0.04, 
compound: 0.9477, neg: 0.023, neu: 0.872, pos: 0.105, 
compound: -0.9116, neg: 0.112, neu: 0.8, pos: 0.088, 
compound: 0.9705, neg: 0.02, neu: 0.857, pos: 0.123, 
compound: 0.802, neg: 0.056, neu: 0.871, pos: 0.073, 
compound: 0.9798, neg: 0.042, neu: 0.778, pos: 0.181, 
compound: 0.9997, neg: 0.013, neu: 0.679, pos: 0.308, 
compound: -0.9015, neg: 0.079, neu: 0.858, pos: 0.063, 
compound: 0.908, neg: 0.023, neu: 0.906, pos: 0.072, 
compound: 0.74, neg: 0.044, neu: 0.883, pos: 0.073, 
compound: -0.9734, neg: 0.105, neu: 0.869, pos: 0.027, 
compound: 0.986, neg: 0.062, neu: 0.837, pos: 0.101, 
compound: 0.1793, neg: 0.077, neu: 0.843, pos: 0.08, 
compound: -0.86, neg: 0.083, neu: 0.849, pos: 0.068, 
compound: 0.9844, neg: 0.022, neu: 0.825, pos: 0.153, 
compound: 0.9941, neg: 0.022, neu: 0.861, pos: 0.118, 
compound: 0.384, neg: 0.064, neu: 0.847, pos: 0.089, 
compound: 0.9979, neg: 0.011, neu: 0.685, pos: 0.303, 
compound: 0.9711, neg: 0.018, neu: 0.884, pos: 0.098, 
compound: -0.6716, neg: 0.087, neu: 0.846, pos: 0.067, 
compound: 0.9387, neg: 0.046, neu: 0.872, pos: 0.082, 
compound: 0.9636, neg: 0.065, neu: 0.777, pos: 0.159, 
compound: 0.9913, neg: 0.005, neu: 0.897, pos: 0.098, 
compound: 0.9183, neg: 0.024, neu: 0.913, pos: 0.063, 
compound: -0.7391, neg: 0.099, neu: 0.832, pos: 0.069, 
compound: 0.9941, neg: 0.028, neu: 0.834, pos: 0.138, 
compound: 0.9861, neg: 0.01, neu: 0.847, pos: 0.143, 
compound: 0.992, neg: 0.03, neu: 0.82, pos: 0.15, 
compound: 0.4116, neg: 0.009, neu: 0.954, pos: 0.037, 
compound: 0.9965, neg: 0.035, neu: 0.706, pos: 0.258, 
compound: 0.9832, neg: 0.04, neu: 0.798, pos: 0.162, 
compound: 0.9959, neg: 0.03, neu: 0.826, pos: 0.144, 
compound: 0.9909, neg: 0.026, neu: 0.81, pos: 0.164, 
compound: 0.6808, neg: 0.0, neu: 0.956, pos: 0.044, 
compound: 0.4576, neg: 0.045, neu: 0.906, pos: 0.049, 
compound: 0.3182, neg: 0.023, neu: 0.94, pos: 0.037, 
compound: 0.9275, neg: 0.095, neu: 0.786, pos: 0.119, 
compound: 0.9796, neg: 0.104, neu: 0.748, pos: 0.148, 
compound: 0.9882, neg: 0.035, neu: 0.828, pos: 0.137, 
compound: 0.835, neg: 0.045, neu: 0.856, pos: 0.098, 
compound: 0.9976, neg: 0.036, neu: 0.577, pos: 0.386, 
compound: 0.4005, neg: 0.08, neu: 0.827, pos: 0.093, 
compound: -0.6038, neg: 0.1, neu: 0.813, pos: 0.087, 
compound: 0.0258, neg: 0.065, neu: 0.845, pos: 0.089, 
compound: 0.9955, neg: 0.005, neu: 0.775, pos: 0.221, 
compound: 0.9974, neg: 0.09, neu: 0.76, pos: 0.15, 
compound: -0.8965, neg: 0.095, neu: 0.862, pos: 0.044, 
compound: 0.5094, neg: 0.053, neu: 0.872, pos: 0.075, 
compound: 0.946, neg: 0.009, neu: 0.889, pos: 0.102, 
compound: 0.9382, neg: 0.017, neu: 0.878, pos: 0.105, 
compound: 0.9958, neg: 0.0, neu: 0.821, pos: 0.179, 
compound: -0.6597, neg: 0.072, neu: 0.877, pos: 0.051, 
compound: 0.9657, neg: 0.021, neu: 0.896, pos: 0.083, 
compound: 0.9657, neg: 0.04, neu: 0.842, pos: 0.117, 
compound: 0.997, neg: 0.023, neu: 0.819, pos: 0.157, 
compound: 0.9921, neg: 0.016, neu: 0.792, pos: 0.192, 
compound: 0.998, neg: 0.043, neu: 0.742, pos: 0.215, 
compound: 0.9978, neg: 0.07, neu: 0.765, pos: 0.165, 
compound: -0.7846, neg: 0.075, neu: 0.882, pos: 0.043, 
compound: 0.9982, neg: 0.006, neu: 0.755, pos: 0.239, 
compound: 0.9468, neg: 0.101, neu: 0.735, pos: 0.164, 
compound: 0.9799, neg: 0.014, neu: 0.85, pos: 0.137, 
compound: 0.9882, neg: 0.063, neu: 0.736, pos: 0.202, 
compound: 0.9948, neg: 0.021, neu: 0.712, pos: 0.267, 
compound: -0.8949, neg: 0.05, neu: 0.924, pos: 0.026, 
compound: 0.9507, neg: 0.043, neu: 0.847, pos: 0.11, 
compound: 0.9578, neg: 0.032, neu: 0.836, pos: 0.132, 
compound: 0.9947, neg: 0.094, neu: 0.698, pos: 0.208, 
compound: 0.9942, neg: 0.014, neu: 0.787, pos: 0.2, 
compound: 0.9451, neg: 0.028, neu: 0.862, pos: 0.11, 
compound: 0.9849, neg: 0.0, neu: 0.859, pos: 0.141, 
compound: -0.4472, neg: 0.09, neu: 0.812, pos: 0.098, 
compound: 0.9959, neg: 0.0, neu: 0.753, pos: 0.247, 
compound: -0.5927, neg: 0.056, neu: 0.925, pos: 0.02, 
compound: 0.9737, neg: 0.081, neu: 0.73, pos: 0.188, 
compound: 0.9601, neg: 0.042, neu: 0.804, pos: 0.155, 
compound: -0.431, neg: 0.042, neu: 0.933, pos: 0.025, 
compound: 0.9814, neg: 0.013, neu: 0.882, pos: 0.104, 
compound: -0.4854, neg: 0.077, neu: 0.848, pos: 0.075, 
compound: 0.9787, neg: 0.059, neu: 0.78, pos: 0.161, 
compound: 0.8547, neg: 0.02, neu: 0.926, pos: 0.054, 
compound: 0.9801, neg: 0.047, neu: 0.782, pos: 0.17, 
compound: 0.8358, neg: 0.015, neu: 0.945, pos: 0.04, 
compound: 0.9992, neg: 0.046, neu: 0.685, pos: 0.269, 
compound: 0.9997, neg: 0.069, neu: 0.779, pos: 0.151, 
compound: 0.999, neg: 0.019, neu: 0.785, pos: 0.196, 
compound: 0.9991, neg: 0.022, neu: 0.744, pos: 0.234, 
compound: 0.9572, neg: 0.081, neu: 0.796, pos: 0.123, 
compound: 0.9996, neg: 0.019, neu: 0.675, pos: 0.306, 
compound: 0.9977, neg: 0.008, neu: 0.827, pos: 0.166, 
compound: 0.7506, neg: 0.011, neu: 0.945, pos: 0.044, 
compound: 0.9854, neg: 0.068, neu: 0.774, pos: 0.158, 
compound: 0.9672, neg: 0.064, neu: 0.783, pos: 0.153, 
compound: 0.703, neg: 0.048, neu: 0.878, pos: 0.073, 
compound: 0.9828, neg: 0.037, neu: 0.865, pos: 0.099, 
compound: 0.9831, neg: 0.045, neu: 0.747, pos: 0.208, 
compound: 0.9228, neg: 0.016, neu: 0.904, pos: 0.08, 
compound: -0.9833, neg: 0.143, neu: 0.805, pos: 0.052, 
compound: 0.9984, neg: 0.053, neu: 0.774, pos: 0.173, 
compound: 0.9993, neg: 0.024, neu: 0.816, pos: 0.16, 
compound: 0.9851, neg: 0.046, neu: 0.837, pos: 0.116, 
compound: 0.9989, neg: 0.016, neu: 0.62, pos: 0.364, 
compound: 0.9936, neg: 0.011, neu: 0.801, pos: 0.188, 
compound: 0.9998, neg: 0.034, neu: 0.649, pos: 0.317, 
compound: 0.9827, neg: 0.07, neu: 0.788, pos: 0.142, 
compound: 0.9918, neg: 0.007, neu: 0.808, pos: 0.184, 
compound: -0.993, neg: 0.119, neu: 0.846, pos: 0.035, 
compound: 0.9623, neg: 0.0, neu: 0.937, pos: 0.063, 
compound: 0.9965, neg: 0.04, neu: 0.723, pos: 0.236, 
compound: -0.9301, neg: 0.088, neu: 0.845, pos: 0.067, 
compound: -0.9186, neg: 0.109, neu: 0.838, pos: 0.054, 
compound: 0.9531, neg: 0.062, neu: 0.78, pos: 0.158, 
compound: -0.9836, neg: 0.182, neu: 0.766, pos: 0.052, 
compound: -0.9835, neg: 0.145, neu: 0.823, pos: 0.032, 
compound: 0.9756, neg: 0.031, neu: 0.829, pos: 0.14, 
compound: 0.9651, neg: 0.025, neu: 0.85, pos: 0.125, 
compound: 0.9702, neg: 0.035, neu: 0.857, pos: 0.108, 
compound: 0.9772, neg: 0.011, neu: 0.876, pos: 0.113, 
POSITIVE:  306
NEGATIVE:  73
NEUTRAL:  7
