compound: 0.983, neg: 0.014, neu: 0.838, pos: 0.148, 
compound: 0.9451, neg: 0.0, neu: 0.895, pos: 0.105, 
compound: 0.4026, neg: 0.057, neu: 0.879, pos: 0.064, 
compound: 0.4005, neg: 0.039, neu: 0.913, pos: 0.048, 
compound: 0.9703, neg: 0.041, neu: 0.804, pos: 0.155, 
compound: 0.9799, neg: 0.059, neu: 0.736, pos: 0.206, 
compound: 0.93, neg: 0.021, neu: 0.848, pos: 0.131, 
compound: -0.3071, neg: 0.081, neu: 0.843, pos: 0.076, 
compound: 0.9972, neg: 0.02, neu: 0.805, pos: 0.176, 
compound: 0.9966, neg: 0.0, neu: 0.759, pos: 0.241, 
compound: 0.8625, neg: 0.048, neu: 0.848, pos: 0.104, 
compound: 0.9927, neg: 0.014, neu: 0.801, pos: 0.184, 
compound: -0.2868, neg: 0.072, neu: 0.851, pos: 0.077, 
compound: 0.9978, neg: 0.022, neu: 0.806, pos: 0.171, 
compound: 0.9718, neg: 0.0, neu: 0.843, pos: 0.157, 
compound: -0.9503, neg: 0.152, neu: 0.761, pos: 0.087, 
compound: -0.0, neg: 0.066, neu: 0.871, pos: 0.063, 
compound: 0.9936, neg: 0.028, neu: 0.781, pos: 0.192, 
compound: 0.8807, neg: 0.06, neu: 0.808, pos: 0.132, 
compound: 0.9927, neg: 0.014, neu: 0.801, pos: 0.184, 
compound: -0.9668, neg: 0.127, neu: 0.834, pos: 0.039, 
compound: 0.9865, neg: 0.014, neu: 0.83, pos: 0.156, 
compound: -0.9406, neg: 0.096, neu: 0.851, pos: 0.053, 
compound: 0.9709, neg: 0.025, neu: 0.839, pos: 0.136, 
compound: 0.9799, neg: 0.011, neu: 0.88, pos: 0.109, 
compound: -0.9846, neg: 0.192, neu: 0.785, pos: 0.023, 
compound: 0.9915, neg: 0.0, neu: 0.787, pos: 0.213, 
compound: 0.9647, neg: 0.087, neu: 0.774, pos: 0.139, 
compound: 0.9758, neg: 0.022, neu: 0.797, pos: 0.182, 
compound: 0.8989, neg: 0.104, neu: 0.775, pos: 0.121, 
compound: 0.6867, neg: 0.088, neu: 0.789, pos: 0.123, 
compound: 0.93, neg: 0.023, neu: 0.888, pos: 0.088, 
compound: -0.9873, neg: 0.155, neu: 0.825, pos: 0.019, 
compound: 0.9988, neg: 0.051, neu: 0.796, pos: 0.153, 
compound: -0.9888, neg: 0.147, neu: 0.827, pos: 0.027, 
compound: 0.643, neg: 0.058, neu: 0.858, pos: 0.084, 
compound: 0.8162, neg: 0.09, neu: 0.791, pos: 0.12, 
compound: 0.9762, neg: 0.104, neu: 0.752, pos: 0.144, 
compound: -0.9559, neg: 0.128, neu: 0.844, pos: 0.028, 
compound: 0.9876, neg: 0.065, neu: 0.826, pos: 0.11, 
compound: 0.9983, neg: 0.0, neu: 0.67, pos: 0.33, 
compound: 0.5499, neg: 0.059, neu: 0.835, pos: 0.106, 
compound: 0.9847, neg: 0.027, neu: 0.867, pos: 0.105, 
compound: -0.8345, neg: 0.091, neu: 0.844, pos: 0.065, 
compound: 0.7579, neg: 0.084, neu: 0.821, pos: 0.094, 
compound: 0.0036, neg: 0.128, neu: 0.762, pos: 0.11, 
compound: -0.92, neg: 0.154, neu: 0.761, pos: 0.085, 
compound: -0.99, neg: 0.137, neu: 0.82, pos: 0.043, 
compound: -0.9425, neg: 0.094, neu: 0.854, pos: 0.053, 
compound: -0.9843, neg: 0.14, neu: 0.847, pos: 0.013, 
compound: -0.9799, neg: 0.135, neu: 0.827, pos: 0.038, 
compound: 0.9612, neg: 0.0, neu: 0.857, pos: 0.143, 
compound: 0.7823, neg: 0.04, neu: 0.866, pos: 0.094, 
compound: -0.9537, neg: 0.093, neu: 0.863, pos: 0.045, 
compound: 0.9492, neg: 0.073, neu: 0.808, pos: 0.119, 
compound: 0.9901, neg: 0.0, neu: 0.761, pos: 0.239, 
compound: 0.9875, neg: 0.053, neu: 0.841, pos: 0.106, 
compound: 0.9991, neg: 0.048, neu: 0.785, pos: 0.167, 
compound: 0.9988, neg: 0.032, neu: 0.785, pos: 0.183, 
compound: 0.9954, neg: 0.018, neu: 0.834, pos: 0.148, 
compound: 0.9818, neg: 0.037, neu: 0.868, pos: 0.095, 
compound: 0.8225, neg: 0.025, neu: 0.898, pos: 0.077, 
compound: 0.9769, neg: 0.033, neu: 0.841, pos: 0.126, 
compound: 0.9884, neg: 0.028, neu: 0.777, pos: 0.194, 
compound: 0.9848, neg: 0.033, neu: 0.83, pos: 0.137, 
compound: 0.9944, neg: 0.103, neu: 0.752, pos: 0.145, 
compound: 0.965, neg: 0.0, neu: 0.858, pos: 0.142, 
compound: 0.9895, neg: 0.005, neu: 0.904, pos: 0.091, 
compound: 0.9995, neg: 0.056, neu: 0.732, pos: 0.211, 
compound: 0.9912, neg: 0.095, neu: 0.758, pos: 0.146, 
compound: 0.9906, neg: 0.024, neu: 0.785, pos: 0.191, 
compound: 0.988, neg: 0.04, neu: 0.859, pos: 0.101, 
compound: 0.5823, neg: 0.078, neu: 0.841, pos: 0.082, 
compound: 0.9825, neg: 0.009, neu: 0.8, pos: 0.191, 
compound: 0.9985, neg: 0.03, neu: 0.78, pos: 0.19, 
compound: 0.9949, neg: 0.031, neu: 0.754, pos: 0.215, 
compound: 0.9808, neg: 0.02, neu: 0.765, pos: 0.215, 
compound: 0.9898, neg: 0.024, neu: 0.764, pos: 0.212, 
compound: -0.9571, neg: 0.148, neu: 0.781, pos: 0.071, 
compound: 0.125, neg: 0.082, neu: 0.855, pos: 0.063, 
compound: -0.9809, neg: 0.109, neu: 0.858, pos: 0.033, 
compound: -0.9829, neg: 0.121, neu: 0.837, pos: 0.042, 
compound: 0.9804, neg: 0.039, neu: 0.757, pos: 0.204, 
compound: 0.9612, neg: 0.0, neu: 0.857, pos: 0.143, 
compound: 0.9518, neg: 0.025, neu: 0.814, pos: 0.161, 
compound: 0.9826, neg: 0.06, neu: 0.72, pos: 0.22, 
compound: 0.9442, neg: 0.014, neu: 0.894, pos: 0.092, 
compound: -0.9425, neg: 0.093, neu: 0.854, pos: 0.053, 
compound: -0.991, neg: 0.175, neu: 0.756, pos: 0.069, 
compound: 0.9953, neg: 0.028, neu: 0.792, pos: 0.179, 
compound: -0.3333, neg: 0.099, neu: 0.812, pos: 0.089, 
compound: 0.9617, neg: 0.056, neu: 0.783, pos: 0.16, 
compound: 0.9253, neg: 0.068, neu: 0.847, pos: 0.084, 
compound: 0.494, neg: 0.037, neu: 0.916, pos: 0.047, 
compound: 0.997, neg: 0.088, neu: 0.724, pos: 0.187, 
compound: 0.9799, neg: 0.06, neu: 0.79, pos: 0.15, 
compound: -0.6024, neg: 0.054, neu: 0.89, pos: 0.056, 
compound: 0.9803, neg: 0.018, neu: 0.772, pos: 0.21, 
compound: 0.8974, neg: 0.055, neu: 0.84, pos: 0.105, 
compound: 0.9242, neg: 0.054, neu: 0.834, pos: 0.112, 
compound: 0.997, neg: 0.066, neu: 0.763, pos: 0.171, 
compound: 0.9946, neg: 0.06, neu: 0.752, pos: 0.188, 
compound: -0.3811, neg: 0.11, neu: 0.793, pos: 0.097, 
compound: 0.9963, neg: 0.078, neu: 0.76, pos: 0.162, 
compound: 0.4478, neg: 0.094, neu: 0.806, pos: 0.1, 
compound: 0.9913, neg: 0.06, neu: 0.815, pos: 0.125, 
compound: 0.991, neg: 0.058, neu: 0.801, pos: 0.14, 
compound: 0.9231, neg: 0.06, neu: 0.849, pos: 0.092, 
compound: 0.962, neg: 0.027, neu: 0.907, pos: 0.066, 
compound: 0.9497, neg: 0.032, neu: 0.861, pos: 0.107, 
compound: -0.8884, neg: 0.109, neu: 0.819, pos: 0.072, 
compound: 0.9994, neg: 0.047, neu: 0.809, pos: 0.144, 
compound: 0.9842, neg: 0.0, neu: 0.848, pos: 0.152, 
compound: -0.9186, neg: 0.097, neu: 0.842, pos: 0.061, 
compound: 0.9991, neg: 0.019, neu: 0.776, pos: 0.205, 
compound: 0.8512, neg: 0.019, neu: 0.89, pos: 0.09, 
compound: 0.128, neg: 0.065, neu: 0.862, pos: 0.073, 
compound: 0.9974, neg: 0.061, neu: 0.805, pos: 0.134, 
compound: 0.993, neg: 0.069, neu: 0.764, pos: 0.166, 
compound: 0.8658, neg: 0.108, neu: 0.757, pos: 0.135, 
compound: 0.9994, neg: 0.047, neu: 0.809, pos: 0.144, 
compound: 0.9932, neg: 0.046, neu: 0.767, pos: 0.187, 
compound: -0.9623, neg: 0.112, neu: 0.841, pos: 0.046, 
compound: 0.9304, neg: 0.051, neu: 0.846, pos: 0.103, 
compound: 0.9489, neg: 0.064, neu: 0.827, pos: 0.109, 
compound: 0.9887, neg: 0.011, neu: 0.879, pos: 0.11, 
compound: -0.4897, neg: 0.123, neu: 0.791, pos: 0.087, 
compound: 0.969, neg: 0.032, neu: 0.843, pos: 0.125, 
compound: -0.8637, neg: 0.102, neu: 0.834, pos: 0.064, 
compound: 0.9738, neg: 0.0, neu: 0.839, pos: 0.161, 
compound: 0.8264, neg: 0.049, neu: 0.851, pos: 0.1, 
compound: 0.987, neg: 0.009, neu: 0.85, pos: 0.141, 
compound: 0.996, neg: 0.043, neu: 0.76, pos: 0.197, 
compound: 0.8201, neg: 0.023, neu: 0.92, pos: 0.057, 
compound: 0.9735, neg: 0.0, neu: 0.847, pos: 0.153, 
compound: -0.7567, neg: 0.117, neu: 0.827, pos: 0.057, 
compound: 0.0772, neg: 0.088, neu: 0.813, pos: 0.099, 
compound: -0.9065, neg: 0.128, neu: 0.789, pos: 0.083, 
compound: -0.8357, neg: 0.111, neu: 0.787, pos: 0.102, 
compound: -0.9353, neg: 0.115, neu: 0.805, pos: 0.079, 
compound: 0.986, neg: 0.065, neu: 0.703, pos: 0.232, 
compound: 0.9923, neg: 0.03, neu: 0.841, pos: 0.13, 
compound: 0.9076, neg: 0.056, neu: 0.817, pos: 0.127, 
compound: 0.9407, neg: 0.033, neu: 0.851, pos: 0.116, 
compound: 0.9221, neg: 0.08, neu: 0.791, pos: 0.129, 
compound: 0.8346, neg: 0.055, neu: 0.856, pos: 0.089, 
compound: -0.9596, neg: 0.096, neu: 0.856, pos: 0.048, 
compound: -0.1531, neg: 0.128, neu: 0.737, pos: 0.135, 
compound: 0.9735, neg: 0.033, neu: 0.839, pos: 0.128, 
compound: 0.9379, neg: 0.089, neu: 0.77, pos: 0.14, 
compound: 0.9505, neg: 0.026, neu: 0.861, pos: 0.113, 
compound: 0.9978, neg: 0.074, neu: 0.712, pos: 0.214, 
compound: 0.9713, neg: 0.052, neu: 0.815, pos: 0.133, 
compound: 0.8981, neg: 0.115, neu: 0.736, pos: 0.149, 
compound: 0.9779, neg: 0.039, neu: 0.826, pos: 0.135, 
compound: 0.2404, neg: 0.037, neu: 0.909, pos: 0.054, 
compound: -0.2086, neg: 0.161, neu: 0.68, pos: 0.159, 
compound: 0.9652, neg: 0.064, neu: 0.812, pos: 0.124, 
compound: 0.6944, neg: 0.081, neu: 0.821, pos: 0.098, 
compound: 0.999, neg: 0.019, neu: 0.761, pos: 0.22, 
compound: 0.7717, neg: 0.039, neu: 0.881, pos: 0.08, 
compound: -0.9612, neg: 0.15, neu: 0.837, pos: 0.013, 
compound: 0.9871, neg: 0.095, neu: 0.757, pos: 0.148, 
compound: 0.9096, neg: 0.048, neu: 0.849, pos: 0.103, 
compound: -0.9003, neg: 0.114, neu: 0.847, pos: 0.039, 
compound: -0.9532, neg: 0.099, neu: 0.857, pos: 0.044, 
compound: 0.9374, neg: 0.025, neu: 0.833, pos: 0.142, 
compound: 0.9648, neg: 0.021, neu: 0.876, pos: 0.103, 
compound: -0.546, neg: 0.076, neu: 0.861, pos: 0.063, 
compound: -0.9166, neg: 0.124, neu: 0.771, pos: 0.105, 
compound: -0.4404, neg: 0.066, neu: 0.889, pos: 0.045, 
compound: 0.994, neg: 0.036, neu: 0.803, pos: 0.16, 
compound: 0.6124, neg: 0.03, neu: 0.905, pos: 0.064, 
compound: 0.2144, neg: 0.018, neu: 0.959, pos: 0.023, 
compound: 0.4988, neg: 0.123, neu: 0.746, pos: 0.131, 
compound: 0.9545, neg: 0.048, neu: 0.855, pos: 0.097, 
compound: 0.9952, neg: 0.063, neu: 0.702, pos: 0.235, 
compound: -0.9352, neg: 0.127, neu: 0.818, pos: 0.054, 
compound: 0.997, neg: 0.061, neu: 0.79, pos: 0.149, 
compound: 0.989, neg: 0.08, neu: 0.794, pos: 0.126, 
compound: 0.9968, neg: 0.047, neu: 0.784, pos: 0.169, 
compound: 0.9968, neg: 0.047, neu: 0.784, pos: 0.169, 
compound: 0.9783, neg: 0.032, neu: 0.837, pos: 0.131, 
compound: 0.9732, neg: 0.023, neu: 0.835, pos: 0.142, 
compound: 0.9488, neg: 0.056, neu: 0.809, pos: 0.135, 
compound: 0.997, neg: 0.026, neu: 0.742, pos: 0.232, 
compound: -0.9831, neg: 0.172, neu: 0.817, pos: 0.011, 
compound: 0.82, neg: 0.079, neu: 0.821, pos: 0.101, 
compound: 0.1645, neg: 0.085, neu: 0.822, pos: 0.093, 
compound: 0.9807, neg: 0.022, neu: 0.847, pos: 0.132, 
compound: -0.296, neg: 0.055, neu: 0.891, pos: 0.054, 
compound: 0.9832, neg: 0.037, neu: 0.86, pos: 0.104, 
compound: 0.9291, neg: 0.056, neu: 0.837, pos: 0.106, 
compound: -0.9323, neg: 0.146, neu: 0.811, pos: 0.044, 
compound: 0.9844, neg: 0.071, neu: 0.797, pos: 0.132, 
compound: 0.9952, neg: 0.0, neu: 0.81, pos: 0.19, 
compound: -0.9834, neg: 0.148, neu: 0.793, pos: 0.059, 
compound: 0.6729, neg: 0.086, neu: 0.805, pos: 0.108, 
compound: 0.1356, neg: 0.083, neu: 0.824, pos: 0.093, 
compound: 0.2846, neg: 0.098, neu: 0.811, pos: 0.092, 
compound: -0.9762, neg: 0.138, neu: 0.809, pos: 0.053, 
compound: 0.9918, neg: 0.067, neu: 0.709, pos: 0.223, 
compound: -0.875, neg: 0.095, neu: 0.877, pos: 0.027, 
compound: 0.771, neg: 0.049, neu: 0.858, pos: 0.093, 
compound: 0.9607, neg: 0.03, neu: 0.875, pos: 0.095, 
compound: 0.9932, neg: 0.055, neu: 0.745, pos: 0.2, 
compound: -0.5787, neg: 0.084, neu: 0.846, pos: 0.07, 
compound: 0.9925, neg: 0.006, neu: 0.874, pos: 0.12, 
compound: 0.9946, neg: 0.009, neu: 0.839, pos: 0.152, 
compound: 0.9954, neg: 0.089, neu: 0.744, pos: 0.167, 
compound: 0.9861, neg: 0.023, neu: 0.861, pos: 0.115, 
compound: 0.9897, neg: 0.052, neu: 0.808, pos: 0.14, 
compound: -0.6369, neg: 0.054, neu: 0.92, pos: 0.025, 
compound: -0.0956, neg: 0.067, neu: 0.861, pos: 0.072, 
compound: 0.9884, neg: 0.055, neu: 0.776, pos: 0.169, 
compound: -0.3618, neg: 0.099, neu: 0.8, pos: 0.1, 
compound: 0.994, neg: 0.059, neu: 0.743, pos: 0.198, 
compound: 0.9977, neg: 0.083, neu: 0.74, pos: 0.176, 
compound: 0.91, neg: 0.036, neu: 0.882, pos: 0.082, 
compound: 0.9576, neg: 0.048, neu: 0.785, pos: 0.167, 
compound: 0.979, neg: 0.092, neu: 0.718, pos: 0.191, 
compound: 0.9953, neg: 0.034, neu: 0.791, pos: 0.175, 
compound: 0.9984, neg: 0.059, neu: 0.691, pos: 0.25, 
compound: 0.8934, neg: 0.0, neu: 0.928, pos: 0.072, 
compound: 0.8316, neg: 0.065, neu: 0.8, pos: 0.135, 
compound: 0.8519, neg: 0.023, neu: 0.921, pos: 0.056, 
compound: 0.9963, neg: 0.053, neu: 0.778, pos: 0.169, 
compound: 0.9961, neg: 0.023, neu: 0.803, pos: 0.174, 
compound: 0.9859, neg: 0.022, neu: 0.738, pos: 0.24, 
compound: 0.7022, neg: 0.023, neu: 0.912, pos: 0.065, 
compound: 0.8467, neg: 0.072, neu: 0.841, pos: 0.087, 
compound: 0.9831, neg: 0.017, neu: 0.897, pos: 0.086, 
compound: 0.2174, neg: 0.065, neu: 0.856, pos: 0.079, 
compound: -0.9952, neg: 0.283, neu: 0.65, pos: 0.067, 
compound: -0.9793, neg: 0.122, neu: 0.791, pos: 0.087, 
compound: 0.9911, neg: 0.04, neu: 0.789, pos: 0.171, 
compound: 0.9169, neg: 0.026, neu: 0.875, pos: 0.098, 
compound: 0.6646, neg: 0.076, neu: 0.82, pos: 0.104, 
compound: 0.989, neg: 0.038, neu: 0.711, pos: 0.251, 
compound: 0.9976, neg: 0.052, neu: 0.766, pos: 0.181, 
compound: 0.9637, neg: 0.02, neu: 0.865, pos: 0.115, 
compound: -0.5023, neg: 0.087, neu: 0.855, pos: 0.059, 
compound: 0.9985, neg: 0.028, neu: 0.746, pos: 0.226, 
compound: 0.9856, neg: 0.015, neu: 0.83, pos: 0.155, 
compound: -0.9531, neg: 0.119, neu: 0.819, pos: 0.062, 
compound: 0.9851, neg: 0.093, neu: 0.772, pos: 0.135, 
compound: 0.9957, neg: 0.039, neu: 0.759, pos: 0.202, 
compound: 0.7752, neg: 0.018, neu: 0.927, pos: 0.055, 
compound: 0.9509, neg: 0.053, neu: 0.777, pos: 0.17, 
compound: 0.9944, neg: 0.037, neu: 0.779, pos: 0.183, 
compound: 0.6659, neg: 0.045, neu: 0.894, pos: 0.062, 
compound: 0.8969, neg: 0.08, neu: 0.787, pos: 0.134, 
compound: -0.9365, neg: 0.086, neu: 0.892, pos: 0.022, 
compound: 0.9439, neg: 0.031, neu: 0.893, pos: 0.076, 
compound: 0.8969, neg: 0.08, neu: 0.787, pos: 0.134, 
compound: 0.1911, neg: 0.079, neu: 0.83, pos: 0.091, 
compound: 0.8511, neg: 0.075, neu: 0.802, pos: 0.123, 
compound: 0.8511, neg: 0.075, neu: 0.802, pos: 0.123, 
compound: -0.9395, neg: 0.141, neu: 0.821, pos: 0.038, 
compound: -0.9104, neg: 0.097, neu: 0.826, pos: 0.077, 
compound: 0.9881, neg: 0.039, neu: 0.73, pos: 0.232, 
compound: 0.9714, neg: 0.0, neu: 0.827, pos: 0.173, 
compound: -0.9666, neg: 0.16, neu: 0.784, pos: 0.057, 
compound: 0.9912, neg: 0.019, neu: 0.845, pos: 0.136, 
compound: 0.923, neg: 0.037, neu: 0.864, pos: 0.099, 
compound: 0.7845, neg: 0.0, neu: 0.935, pos: 0.065, 
compound: 0.9947, neg: 0.04, neu: 0.768, pos: 0.192, 
compound: 0.9585, neg: 0.083, neu: 0.793, pos: 0.124, 
compound: 0.9378, neg: 0.078, neu: 0.816, pos: 0.106, 
compound: 0.948, neg: 0.036, neu: 0.87, pos: 0.093, 
compound: 0.9661, neg: 0.025, neu: 0.834, pos: 0.141, 
compound: 0.9531, neg: 0.024, neu: 0.864, pos: 0.113, 
compound: 0.7056, neg: 0.101, neu: 0.792, pos: 0.107, 
compound: 0.9968, neg: 0.018, neu: 0.802, pos: 0.181, 
compound: 0.9785, neg: 0.074, neu: 0.764, pos: 0.163, 
compound: 0.9685, neg: 0.066, neu: 0.813, pos: 0.121, 
compound: -0.3989, neg: 0.086, neu: 0.846, pos: 0.068, 
compound: 0.9761, neg: 0.085, neu: 0.784, pos: 0.131, 
compound: 0.7584, neg: 0.013, neu: 0.904, pos: 0.083, 
compound: -0.8, neg: 0.092, neu: 0.84, pos: 0.068, 
compound: 0.9039, neg: 0.075, neu: 0.803, pos: 0.121, 
compound: 0.9521, neg: 0.046, neu: 0.809, pos: 0.145, 
compound: 0.9907, neg: 0.032, neu: 0.864, pos: 0.104, 
compound: -0.9598, neg: 0.16, neu: 0.721, pos: 0.119, 
compound: 0.8683, neg: 0.078, neu: 0.836, pos: 0.087, 
compound: 0.7456, neg: 0.114, neu: 0.757, pos: 0.129, 
compound: 0.983, neg: 0.026, neu: 0.862, pos: 0.111, 
compound: 0.6261, neg: 0.05, neu: 0.883, pos: 0.068, 
compound: 0.9907, neg: 0.06, neu: 0.809, pos: 0.132, 
compound: 0.9982, neg: 0.04, neu: 0.743, pos: 0.216, 
compound: 0.9681, neg: 0.032, neu: 0.869, pos: 0.099, 
compound: 0.9873, neg: 0.084, neu: 0.73, pos: 0.186, 
compound: -0.9212, neg: 0.105, neu: 0.83, pos: 0.065, 
compound: 0.9856, neg: 0.057, neu: 0.82, pos: 0.123, 
compound: 0.5574, neg: 0.044, neu: 0.892, pos: 0.064, 
compound: 0.8952, neg: 0.076, neu: 0.794, pos: 0.13, 
compound: 0.755, neg: 0.058, neu: 0.841, pos: 0.1, 
compound: -0.9105, neg: 0.107, neu: 0.85, pos: 0.043, 
compound: 0.9007, neg: 0.082, neu: 0.819, pos: 0.099, 
compound: -0.276, neg: 0.063, neu: 0.878, pos: 0.059, 
compound: 0.5687, neg: 0.059, neu: 0.856, pos: 0.084, 
compound: -0.959, neg: 0.107, neu: 0.818, pos: 0.074, 
compound: 0.9964, neg: 0.052, neu: 0.771, pos: 0.178, 
compound: 0.8931, neg: 0.054, neu: 0.84, pos: 0.105, 
compound: 0.983, neg: 0.032, neu: 0.767, pos: 0.201, 
compound: -0.6978, neg: 0.093, neu: 0.842, pos: 0.064, 
compound: 0.952, neg: 0.06, neu: 0.84, pos: 0.1, 
compound: 0.9986, neg: 0.063, neu: 0.737, pos: 0.2, 
compound: 0.9892, neg: 0.05, neu: 0.827, pos: 0.123, 
compound: 0.8898, neg: 0.044, neu: 0.894, pos: 0.063, 
compound: -0.8873, neg: 0.094, neu: 0.829, pos: 0.077, 
compound: 0.9853, neg: 0.067, neu: 0.828, pos: 0.105, 
compound: 0.9956, neg: 0.035, neu: 0.841, pos: 0.124, 
compound: -0.959, neg: 0.107, neu: 0.819, pos: 0.074, 
compound: 0.8729, neg: 0.048, neu: 0.863, pos: 0.088, 
compound: 0.9869, neg: 0.047, neu: 0.803, pos: 0.15, 
compound: 0.979, neg: 0.011, neu: 0.831, pos: 0.159, 
compound: 0.8329, neg: 0.069, neu: 0.842, pos: 0.089, 
compound: -0.9823, neg: 0.229, neu: 0.758, pos: 0.013, 
compound: 0.9958, neg: 0.031, neu: 0.8, pos: 0.168, 
compound: 0.9692, neg: 0.013, neu: 0.875, pos: 0.112, 
compound: -0.2541, neg: 0.117, neu: 0.779, pos: 0.104, 
compound: 0.8983, neg: 0.077, neu: 0.825, pos: 0.098, 
compound: 0.0, neg: 0.0, neu: 1.0, pos: 0.0, 
compound: 0.0516, neg: 0.019, neu: 0.96, pos: 0.021, 
compound: 0.955, neg: 0.067, neu: 0.811, pos: 0.122, 
compound: 0.9845, neg: 0.109, neu: 0.727, pos: 0.164, 
compound: 0.9554, neg: 0.054, neu: 0.834, pos: 0.113, 
compound: 0.9554, neg: 0.054, neu: 0.834, pos: 0.112, 
compound: -0.9671, neg: 0.138, neu: 0.772, pos: 0.091, 
compound: 0.9885, neg: 0.008, neu: 0.903, pos: 0.089, 
compound: 0.937, neg: 0.073, neu: 0.82, pos: 0.106, 
compound: -0.1567, neg: 0.1, neu: 0.81, pos: 0.09, 
compound: 0.6059, neg: 0.055, neu: 0.876, pos: 0.07, 
compound: 0.9841, neg: 0.066, neu: 0.752, pos: 0.182, 
compound: 0.9964, neg: 0.049, neu: 0.766, pos: 0.186, 
compound: 0.9862, neg: 0.073, neu: 0.776, pos: 0.151, 
compound: 0.9217, neg: 0.076, neu: 0.819, pos: 0.104, 
compound: 0.9652, neg: 0.0, neu: 0.919, pos: 0.081, 
compound: 0.9928, neg: 0.079, neu: 0.757, pos: 0.164, 
compound: 0.6858, neg: 0.105, neu: 0.775, pos: 0.12, 
compound: -0.9845, neg: 0.108, neu: 0.873, pos: 0.019, 
compound: -0.8621, neg: 0.09, neu: 0.845, pos: 0.065, 
compound: 0.937, neg: 0.073, neu: 0.82, pos: 0.106, 
compound: 0.7159, neg: 0.087, neu: 0.797, pos: 0.116, 
compound: -0.4927, neg: 0.072, neu: 0.875, pos: 0.053, 
compound: 0.8142, neg: 0.055, neu: 0.873, pos: 0.072, 
compound: 0.9743, neg: 0.09, neu: 0.753, pos: 0.157, 
compound: 0.8824, neg: 0.068, neu: 0.834, pos: 0.098, 
compound: 0.8834, neg: 0.02, neu: 0.898, pos: 0.083, 
compound: 0.2023, neg: 0.025, neu: 0.941, pos: 0.034, 
compound: 0.9877, neg: 0.067, neu: 0.774, pos: 0.16, 
compound: -0.9287, neg: 0.106, neu: 0.86, pos: 0.034, 
compound: 0.9898, neg: 0.031, neu: 0.854, pos: 0.115, 
compound: 0.6249, neg: 0.102, neu: 0.772, pos: 0.126, 
compound: -0.0516, neg: 0.121, neu: 0.765, pos: 0.114, 
compound: 0.9501, neg: 0.023, neu: 0.875, pos: 0.102, 
compound: 0.3574, neg: 0.103, neu: 0.785, pos: 0.112, 
compound: 0.9956, neg: 0.038, neu: 0.764, pos: 0.198, 
compound: -0.9358, neg: 0.114, neu: 0.83, pos: 0.056, 
compound: 0.9912, neg: 0.047, neu: 0.79, pos: 0.163, 
compound: 0.7351, neg: 0.071, neu: 0.831, pos: 0.098, 
compound: -0.9902, neg: 0.161, neu: 0.808, pos: 0.031, 
compound: 0.9918, neg: 0.077, neu: 0.799, pos: 0.124, 
compound: 0.9397, neg: 0.065, neu: 0.824, pos: 0.111, 
compound: 0.9413, neg: 0.05, neu: 0.858, pos: 0.092, 
compound: 0.9961, neg: 0.027, neu: 0.808, pos: 0.165, 
compound: 0.9966, neg: 0.041, neu: 0.832, pos: 0.127, 
compound: 0.9948, neg: 0.007, neu: 0.751, pos: 0.242, 
compound: 0.9959, neg: 0.054, neu: 0.732, pos: 0.215, 
compound: 0.9994, neg: 0.076, neu: 0.774, pos: 0.15, 
compound: 0.9844, neg: 0.035, neu: 0.797, pos: 0.168, 
compound: 0.9956, neg: 0.006, neu: 0.855, pos: 0.139, 
compound: 0.9643, neg: 0.0, neu: 0.908, pos: 0.092, 
compound: 0.9854, neg: 0.088, neu: 0.791, pos: 0.121, 
compound: 0.9657, neg: 0.081, neu: 0.799, pos: 0.12, 
compound: -0.987, neg: 0.142, neu: 0.763, pos: 0.095, 
compound: 0.9489, neg: 0.017, neu: 0.917, pos: 0.066, 
compound: 0.9468, neg: 0.028, neu: 0.899, pos: 0.073, 
compound: -0.7269, neg: 0.093, neu: 0.828, pos: 0.079, 
compound: 0.992, neg: 0.06, neu: 0.742, pos: 0.198, 
compound: 0.1297, neg: 0.062, neu: 0.871, pos: 0.067, 
compound: 0.3048, neg: 0.027, neu: 0.938, pos: 0.035, 
compound: 0.9718, neg: 0.098, neu: 0.757, pos: 0.146, 
compound: 0.9767, neg: 0.079, neu: 0.803, pos: 0.118, 
compound: 0.0516, neg: 0.023, neu: 0.953, pos: 0.024, 
compound: 0.9792, neg: 0.079, neu: 0.799, pos: 0.122, 
compound: -0.9124, neg: 0.125, neu: 0.824, pos: 0.05, 
compound: 0.9366, neg: 0.044, neu: 0.829, pos: 0.126, 
compound: 0.996, neg: 0.028, neu: 0.665, pos: 0.307, 
compound: 0.997, neg: 0.028, neu: 0.822, pos: 0.15, 
compound: 0.9737, neg: 0.046, neu: 0.796, pos: 0.158, 
compound: 0.81, neg: 0.034, neu: 0.884, pos: 0.082, 
compound: -0.0772, neg: 0.046, neu: 0.915, pos: 0.039, 
compound: 0.9965, neg: 0.077, neu: 0.767, pos: 0.156, 
compound: 0.9601, neg: 0.118, neu: 0.732, pos: 0.15, 
compound: 0.9956, neg: 0.054, neu: 0.769, pos: 0.177, 
compound: 0.9403, neg: 0.023, neu: 0.889, pos: 0.088, 
compound: 0.993, neg: 0.048, neu: 0.79, pos: 0.162, 
compound: 0.9902, neg: 0.062, neu: 0.781, pos: 0.157, 
compound: 0.9824, neg: 0.065, neu: 0.827, pos: 0.108, 
compound: 0.9836, neg: 0.012, neu: 0.863, pos: 0.126, 
compound: 0.9937, neg: 0.06, neu: 0.808, pos: 0.132, 
compound: 0.9794, neg: 0.096, neu: 0.779, pos: 0.125, 
compound: 0.9078, neg: 0.088, neu: 0.806, pos: 0.106, 
compound: 0.9907, neg: 0.06, neu: 0.809, pos: 0.132, 
compound: -0.9295, neg: 0.095, neu: 0.84, pos: 0.065, 
compound: 0.9841, neg: 0.066, neu: 0.752, pos: 0.182, 
compound: 0.9877, neg: 0.065, neu: 0.79, pos: 0.144, 
compound: 0.9742, neg: 0.05, neu: 0.815, pos: 0.135, 
compound: 0.7972, neg: 0.071, neu: 0.845, pos: 0.083, 
compound: 0.9705, neg: 0.102, neu: 0.741, pos: 0.157, 
compound: 0.998, neg: 0.034, neu: 0.803, pos: 0.163, 
compound: -0.9967, neg: 0.159, neu: 0.776, pos: 0.065, 
compound: -0.1579, neg: 0.15, neu: 0.725, pos: 0.125, 
compound: 0.9833, neg: 0.067, neu: 0.831, pos: 0.102, 
compound: 0.9121, neg: 0.051, neu: 0.862, pos: 0.088, 
compound: -0.0, neg: 0.079, neu: 0.841, pos: 0.079, 
compound: 0.976, neg: 0.041, neu: 0.806, pos: 0.152, 
compound: 0.9929, neg: 0.045, neu: 0.772, pos: 0.183, 
compound: 0.976, neg: 0.093, neu: 0.753, pos: 0.154, 
compound: 0.9719, neg: 0.12, neu: 0.663, pos: 0.218, 
compound: 0.9312, neg: 0.091, neu: 0.783, pos: 0.126, 
compound: -0.9598, neg: 0.14, neu: 0.766, pos: 0.094, 
compound: 0.9976, neg: 0.053, neu: 0.704, pos: 0.242, 
compound: 0.9676, neg: 0.058, neu: 0.809, pos: 0.133, 
compound: 0.8377, neg: 0.094, neu: 0.773, pos: 0.133, 
compound: 0.8015, neg: 0.042, neu: 0.859, pos: 0.098, 
compound: 0.9764, neg: 0.012, neu: 0.853, pos: 0.135, 
compound: 0.9294, neg: 0.053, neu: 0.834, pos: 0.112, 
compound: 0.9803, neg: 0.041, neu: 0.841, pos: 0.117, 
compound: 0.9382, neg: 0.044, neu: 0.831, pos: 0.125, 
compound: 0.9976, neg: 0.053, neu: 0.705, pos: 0.242, 
compound: 0.9807, neg: 0.01, neu: 0.839, pos: 0.151, 
compound: 0.985, neg: 0.048, neu: 0.788, pos: 0.165, 
compound: 0.9294, neg: 0.053, neu: 0.834, pos: 0.112, 
compound: 0.9785, neg: 0.005, neu: 0.867, pos: 0.128, 
compound: 0.9382, neg: 0.044, neu: 0.831, pos: 0.125, 
compound: 0.722, neg: 0.059, neu: 0.857, pos: 0.084, 
compound: 0.8074, neg: 0.047, neu: 0.864, pos: 0.089, 
compound: 0.9217, neg: 0.038, neu: 0.813, pos: 0.149, 
compound: 0.9513, neg: 0.035, neu: 0.827, pos: 0.138, 
compound: -0.6074, neg: 0.071, neu: 0.897, pos: 0.032, 
compound: -0.4102, neg: 0.124, neu: 0.757, pos: 0.119, 
compound: -0.905, neg: 0.151, neu: 0.758, pos: 0.091, 
compound: 0.9985, neg: 0.046, neu: 0.74, pos: 0.214, 
compound: 0.979, neg: 0.051, neu: 0.804, pos: 0.144, 
compound: 0.8654, neg: 0.063, neu: 0.847, pos: 0.09, 
compound: 0.984, neg: 0.041, neu: 0.859, pos: 0.1, 
compound: 0.9827, neg: 0.046, neu: 0.82, pos: 0.135, 
compound: 0.9062, neg: 0.092, neu: 0.768, pos: 0.14, 
compound: 0.9587, neg: 0.068, neu: 0.756, pos: 0.176, 
compound: 0.9891, neg: 0.0, neu: 0.778, pos: 0.222, 
compound: 0.9313, neg: 0.015, neu: 0.848, pos: 0.137, 
compound: 0.915, neg: 0.088, neu: 0.774, pos: 0.138, 
compound: 0.0806, neg: 0.139, neu: 0.687, pos: 0.174, 
compound: -0.6124, neg: 0.104, neu: 0.815, pos: 0.081, 
compound: 0.5187, neg: 0.12, neu: 0.741, pos: 0.14, 
compound: 0.9538, neg: 0.068, neu: 0.764, pos: 0.168, 
compound: 0.9886, neg: 0.024, neu: 0.784, pos: 0.192, 
compound: 0.9875, neg: 0.049, neu: 0.808, pos: 0.143, 
compound: 0.9709, neg: 0.045, neu: 0.813, pos: 0.142, 
compound: 0.9834, neg: 0.098, neu: 0.648, pos: 0.254, 
compound: 0.9952, neg: 0.003, neu: 0.852, pos: 0.144, 
compound: 0.6188, neg: 0.075, neu: 0.841, pos: 0.084, 
compound: 0.9903, neg: 0.075, neu: 0.77, pos: 0.155, 
compound: 0.9022, neg: 0.084, neu: 0.771, pos: 0.145, 
compound: 0.9973, neg: 0.029, neu: 0.763, pos: 0.208, 
compound: 0.9973, neg: 0.049, neu: 0.759, pos: 0.192, 
compound: 0.9973, neg: 0.049, neu: 0.759, pos: 0.192, 
compound: 0.9136, neg: 0.073, neu: 0.783, pos: 0.144, 
compound: 0.9881, neg: 0.094, neu: 0.731, pos: 0.175, 
compound: 0.9968, neg: 0.044, neu: 0.761, pos: 0.196, 
compound: 0.9961, neg: 0.077, neu: 0.713, pos: 0.21, 
compound: -0.8358, neg: 0.13, neu: 0.774, pos: 0.096, 
compound: 0.9964, neg: 0.033, neu: 0.866, pos: 0.1, 
compound: 0.9981, neg: 0.077, neu: 0.676, pos: 0.247, 
compound: -0.9307, neg: 0.136, neu: 0.806, pos: 0.058, 
compound: -0.9338, neg: 0.136, neu: 0.807, pos: 0.057, 
compound: 0.9792, neg: 0.118, neu: 0.719, pos: 0.163, 
compound: 0.9974, neg: 0.01, neu: 0.777, pos: 0.213, 
compound: 0.9606, neg: 0.0, neu: 0.886, pos: 0.114, 
compound: 0.9326, neg: 0.05, neu: 0.869, pos: 0.082, 
compound: 0.908, neg: 0.059, neu: 0.817, pos: 0.124, 
compound: -0.9552, neg: 0.179, neu: 0.76, pos: 0.06, 
compound: 0.5628, neg: 0.123, neu: 0.74, pos: 0.137, 
compound: 0.1879, neg: 0.069, neu: 0.85, pos: 0.081, 
compound: 0.9523, neg: 0.101, neu: 0.758, pos: 0.141, 
compound: 0.9984, neg: 0.088, neu: 0.641, pos: 0.271, 
compound: 0.9985, neg: 0.088, neu: 0.639, pos: 0.273, 
compound: 0.999, neg: 0.089, neu: 0.755, pos: 0.157, 
compound: 0.9951, neg: 0.0, neu: 0.793, pos: 0.207, 
compound: 0.9911, neg: 0.06, neu: 0.804, pos: 0.136, 
compound: 0.9665, neg: 0.044, neu: 0.797, pos: 0.159, 
compound: 0.9829, neg: 0.1, neu: 0.762, pos: 0.138, 
compound: 0.5848, neg: 0.108, neu: 0.784, pos: 0.108, 
compound: 0.9879, neg: 0.072, neu: 0.744, pos: 0.184, 
compound: 0.6602, neg: 0.098, neu: 0.759, pos: 0.143, 
compound: 0.9657, neg: 0.032, neu: 0.845, pos: 0.123, 
compound: 0.9937, neg: 0.038, neu: 0.805, pos: 0.157, 
compound: 0.5927, neg: 0.077, neu: 0.819, pos: 0.104, 
compound: -0.9525, neg: 0.123, neu: 0.827, pos: 0.049, 
compound: 0.9968, neg: 0.09, neu: 0.66, pos: 0.25, 
compound: 0.9617, neg: 0.012, neu: 0.809, pos: 0.178, 
compound: 0.9558, neg: 0.022, neu: 0.806, pos: 0.171, 
compound: -0.91, neg: 0.14, neu: 0.799, pos: 0.06, 
compound: 0.866, neg: 0.095, neu: 0.775, pos: 0.131, 
compound: 0.5927, neg: 0.05, neu: 0.85, pos: 0.1, 
compound: 0.8377, neg: 0.093, neu: 0.776, pos: 0.131, 
compound: 0.8574, neg: 0.067, neu: 0.829, pos: 0.104, 
compound: 0.4033, neg: 0.096, neu: 0.788, pos: 0.116, 
POSITIVE:  396
NEGATIVE:  94
NEUTRAL:  21
